%YAML:1.0
R: !!opencv-matrix
   rows: 3
   cols: 3
   dt: d
   data: [ 9.9998191879354736e-001, -2.1030654746064252e-003,
       -5.6337555488993451e-003, 2.0834235338824882e-003,
       9.9999173932149998e-001, -3.4900766667250328e-003,
       5.6410488699975211e-003, 3.4782760630335773e-003,
       9.9997803984051348e-001 ]
T: !!opencv-matrix
   rows: 3
   cols: 1
   dt: d
   data: [ -2.1212121407984341e+000, -2.5464377175545928e-002,
       -1.8226522097910483e-001 ]
R1: !!opencv-matrix
   rows: 3
   cols: 3
   dt: d
   data: [ 9.9674730044952997e-001, 1.0162166443622167e-002,
       7.9947166427250069e-002, -1.0020662639377285e-002,
       9.9994743519779150e-001, -2.1709817194856275e-003,
       -7.9965025897839187e-002, 1.3627965844809754e-003,
       9.9679673826644677e-001 ]
R2: !!opencv-matrix
   rows: 3
   cols: 3
   dt: d
   data: [ 9.9625750356193776e-001, 1.1959707540199356e-002,
       8.5603457827872917e-002, -1.2111205600778675e-002,
       9.9992587456178761e-001, 1.2506321360917904e-003,
       -8.5582155239460930e-002, -2.2827127276680761e-003,
       9.9632850201485834e-001 ]
P1: !!opencv-matrix
   rows: 3
   cols: 4
   dt: d
   data: [ 1.3641787646738705e+003, 0., 2.8671052551269531e+002, 0., 0.,
       1.3641787646738705e+003, 2.5216686820983887e+002, 0., 0., 0., 1.,
       0. ]
P2: !!opencv-matrix
   rows: 3
   cols: 4
   dt: d
   data: [ 1.3641787646738705e+003, 0., 2.8671052551269531e+002,
       -2.9045829491870122e+003, 0., 1.3641787646738705e+003,
       2.5216686820983887e+002, 0., 0., 0., 1., 0. ]
Q: !!opencv-matrix
   rows: 4
   cols: 4
   dt: d
   data: [ 1., 0., 0., -2.8671052551269531e+002, 0., 1., 0.,
       -2.5216686820983887e+002, 0., 0., 0., 1.3641787646738705e+003, 0.,
       0., 4.6966424734253220e-001, 0. ]
