<?xml version="1.0"?>
<opencv_storage>
<imagelist>
  "kv30l_0.bmp"
  "kv30l_1.bmp"
  "kv30l_2.bmp"
  "kv30l_3.bmp"
  "kv30l_4.bmp"
  "kv30l_5.bmp"
  "kv30l_6.bmp"
  "kv30l_7.bmp"
  "kv30l_8.bmp"
  "kv30l_9.bmp"
  "kv30l_10.bmp"
  "kv30l_11.bmp"
  "kv30l_12.bmp"
  "kv30l_13.bmp"
  "kv30l_14.bmp"
  "kv30l_15.bmp"
  "kv30l_16.bmp"
  "kv30l_17.bmp"
  "kv30l_18.bmp"
  "kv30l_19.bmp"
  "kv30l_20.bmp"
  "kv30l_21.bmp"
  "kv30l_22.bmp"
  "kv30l_23.bmp"
  "kv30l_24.bmp"
  "kv30l_25.bmp"
  "kv30l_26.bmp"
  "kv30l_27.bmp"
  "kv30l_28.bmp"
  "kv30l_29.bmp"
  "kv30l_30.bmp"
  "kv30l_31.bmp"
  "kv30l_32.bmp"
  "kv30l_33.bmp"
  "kv30l_34.bmp"
  "kv30l_35.bmp"
  "kv30l_36.bmp"
  "kv30l_37.bmp"
  "kv30l_38.bmp"
  "kv30l_39.bmp"
  "kv30l_40.bmp"
  "kv30l_41.bmp"
  "kv30l_42.bmp"
  "kv30l_43.bmp"
  "kv30l_44.bmp"
  "kv30l_45.bmp"
  "kv30l_46.bmp"
  "kv30l_47.bmp"
  "kv30l_48.bmp"
  "kv30l_49.bmp"
  "kv30l_50.bmp"
  "kv30l_51.bmp"
  "kv30l_52.bmp"
  "kv30l_53.bmp"
  "kv30l_54.bmp"
  "kv30l_55.bmp"
  "kv30l_56.bmp"
  "kv30l_57.bmp"
  "kv30l_58.bmp"
  "kv30l_59.bmp"
  "kv30l_60.bmp"
  "kv30l_61.bmp"
  "kv30l_62.bmp"
  "kv30l_63.bmp"
  "kv30l_64.bmp"
  "kv30l_65.bmp"
  "kv30l_66.bmp"
  "kv30l_67.bmp"
  "kv30l_68.bmp"
  "kv30l_69.bmp"
  "kv30l_70.bmp"
  "kv30l_71.bmp"
  "kv30l_72.bmp"
  "kv30l_73.bmp"
  "kv30l_74.bmp"
  "kv30l_75.bmp"
  "kv30l_76.bmp"
  "kv30l_77.bmp"
  "kv30l_78.bmp"
  "kv30l_79.bmp"
  "kv30l_80.bmp"
  "kv30l_81.bmp"
  "kv30l_82.bmp"
  "kv30l_83.bmp"
  "kv30l_84.bmp"
  "kv30l_85.bmp"
  "kv30l_86.bmp"
  "kv30l_87.bmp"
  "kv30l_88.bmp"
  "kv30l_89.bmp"
  "kv30l_90.bmp"
  "kv30l_91.bmp"
  "kv30l_92.bmp"
  "kv30l_93.bmp"
  "kv30l_94.bmp"
  "kv30l_95.bmp"
  "kv30l_96.bmp"
  "kv30l_97.bmp"
  "kv30l_98.bmp"
  "kv30l_99.bmp"
  "kv30l_100.bmp"
  "kv30l_101.bmp"
  "kv30l_102.bmp"
  "kv30l_103.bmp"
  "kv30l_104.bmp"
  "kv30l_105.bmp"
  "kv30l_106.bmp"
  "kv30l_107.bmp"
  "kv30l_108.bmp"
  "kv30l_109.bmp"
  "kv30l_110.bmp"
  "kv30l_111.bmp"
  "kv30l_112.bmp"
  "kv30l_113.bmp"
  "kv30l_114.bmp"
  "kv30l_115.bmp"
  "kv30l_116.bmp"
  "kv30l_117.bmp"
  "kv30l_118.bmp"
  "kv30l_119.bmp"
  "kv30l_120.bmp"
  "kv30l_121.bmp"
  "kv30l_122.bmp"
  "kv30l_123.bmp"
  "kv30l_124.bmp"
  "kv30l_125.bmp"
  "kv30l_126.bmp"
  "kv30l_127.bmp"
  "kv30l_128.bmp"
  "kv30l_129.bmp"
  "kv30l_130.bmp"
  "kv30l_131.bmp"
  "kv30l_132.bmp"
  "kv30l_133.bmp"
  "kv30l_134.bmp"
  "kv30l_135.bmp"
  "kv30l_136.bmp"
  "kv30l_137.bmp"
  "kv30l_138.bmp"
  "kv30l_139.bmp"
  "kv30l_140.bmp"
  "kv30l_141.bmp"
  "kv30l_142.bmp"
  "kv30l_143.bmp"
  "kv30l_144.bmp"
  "kv30l_145.bmp"
  "kv30l_146.bmp"
  "kv30l_147.bmp"
  "kv30l_148.bmp"
  "kv30l_149.bmp"
  "kv30l_150.bmp"
  "kv30l_151.bmp"
  "kv30l_152.bmp"
  "kv30l_153.bmp"
  "kv30l_154.bmp"
  "kv30l_155.bmp"
  "kv30l_156.bmp"
  "kv30l_157.bmp"
  "kv30l_158.bmp"
  "kv30l_159.bmp"
  "kv30l_160.bmp"
  "kv30l_161.bmp"
  "kv30l_162.bmp"
  "kv30l_163.bmp"
  "kv30l_164.bmp"
  "kv30l_165.bmp"
  "kv30l_166.bmp"
  "kv30l_167.bmp"
  "kv30l_168.bmp"
  "kv30l_169.bmp"
  "kv30l_170.bmp"
  "kv30l_171.bmp"
  "kv30l_172.bmp"
  "kv30l_173.bmp"
  "kv30l_174.bmp"
  "kv30l_175.bmp"
  "kv30l_176.bmp"
  "kv30l_177.bmp"
  "kv30l_178.bmp"
  "kv30l_179.bmp"
  "kv30l_180.bmp"
  "kv30l_181.bmp"
  "kv30l_182.bmp"
  "kv30l_183.bmp"
  "kv30l_184.bmp"
  "kv30l_185.bmp"
  "kv30l_186.bmp"
  "kv30l_187.bmp"
  "kv30l_188.bmp"
  "kv30l_189.bmp"
  "kv30l_190.bmp"
  "kv30l_191.bmp"
  "kv30l_192.bmp"
  "kv30l_193.bmp"
  "kv30l_194.bmp"
  "kv30l_195.bmp"
  "kv30l_196.bmp"
  "kv30l_197.bmp"
  "kv30l_198.bmp"
  "kv30l_199.bmp"
  "kv30l_200.bmp"
  "kv30l_201.bmp"
  "kv30l_202.bmp"
  "kv30l_203.bmp"
  "kv30l_204.bmp"
  "kv30l_205.bmp"
  "kv30l_206.bmp"
  "kv30l_207.bmp"
  "kv30l_208.bmp"
  "kv30l_209.bmp"
  "kv30l_210.bmp"
  "kv30l_211.bmp"
  "kv30l_212.bmp"
  "kv30l_213.bmp"
  "kv30l_214.bmp"
  "kv30l_215.bmp"
  "kv30l_216.bmp"
  "kv30l_217.bmp"
  "kv30l_218.bmp"
  "kv30l_219.bmp"
  "kv30l_220.bmp"
  "kv30l_221.bmp"
  "kv30l_222.bmp"
  "kv30l_223.bmp"
  "kv30l_224.bmp"
  "kv30l_225.bmp"
  "kv30l_226.bmp"
  "kv30l_227.bmp"
  "kv30l_228.bmp"
  "kv30l_229.bmp"
  "kv30l_230.bmp"
  "kv30l_231.bmp"
  "kv30l_232.bmp"
  "kv30l_233.bmp"
  "kv30l_234.bmp"
  "kv30l_235.bmp"
  "kv30l_236.bmp"
  "kv30l_237.bmp"
  "kv30l_238.bmp"
  "kv30l_239.bmp"
  "kv30l_240.bmp"
  "kv30l_241.bmp"
  "kv30l_242.bmp"
  "kv30l_243.bmp"
  "kv30l_244.bmp"
  "kv30l_245.bmp"
  "kv30l_246.bmp"
  "kv30l_247.bmp"
  "kv30l_248.bmp"
  "kv30l_249.bmp"
  "kv30l_250.bmp"
  "kv30l_251.bmp"
  "kv30l_252.bmp"
  "kv30l_253.bmp"
  "kv30l_254.bmp"
  "kv30l_255.bmp"
  "kv30l_256.bmp"
  "kv30l_257.bmp"
  "kv30l_258.bmp"
  "kv30l_259.bmp"
  "kv30l_260.bmp"
  "kv30l_261.bmp"
  "kv30l_262.bmp"
  "kv30l_263.bmp"
  "kv30l_264.bmp"
  "kv30l_265.bmp"
  "kv30l_266.bmp"
  "kv30l_267.bmp"
  "kv30l_268.bmp"
  "kv30l_269.bmp"
  "kv30l_270.bmp"
  "kv30l_271.bmp"
  "kv30l_272.bmp"
  "kv30l_273.bmp"
  "kv30l_274.bmp"
  "kv30l_275.bmp"
  "kv30l_276.bmp"
  "kv30l_277.bmp"
  "kv30l_278.bmp"
  "kv30l_279.bmp"
  "kv30l_280.bmp"
  "kv30l_281.bmp"
  "kv30l_282.bmp"
  "kv30l_283.bmp"
  "kv30l_284.bmp"
  "kv30l_285.bmp"
  "kv30l_286.bmp"
  "kv30l_287.bmp"
  "kv30l_288.bmp"
  "kv30l_289.bmp"
  "kv30l_290.bmp"
  "kv30l_291.bmp"
  "kv30l_292.bmp"
  "kv30l_293.bmp"
  "kv30l_294.bmp"
  "kv30l_295.bmp"
  "kv30l_296.bmp"
  "kv30l_297.bmp"
  "kv30l_298.bmp"
  "kv30l_299.bmp"
  "kv30l_300.bmp"
  "kv30l_301.bmp"
  "kv30l_302.bmp"
  "kv30l_303.bmp"
  "kv30l_304.bmp"
  "kv30l_305.bmp"
  "kv30l_306.bmp"
  "kv30l_307.bmp"
  "kv30l_308.bmp"
  "kv30l_309.bmp"
  "kv30l_310.bmp"
  "kv30l_311.bmp"
  "kv30l_312.bmp"
  "kv30l_313.bmp"
  "kv30l_314.bmp"
  "kv30l_315.bmp"
  "kv30l_316.bmp"
  "kv30l_317.bmp"
  "kv30l_318.bmp"
  "kv30l_319.bmp"
  "kv30l_320.bmp"
  "kv30l_321.bmp"
  "kv30l_322.bmp"
  "kv30l_323.bmp"
  "kv30l_324.bmp"
  "kv30l_325.bmp"
  "kv30l_326.bmp"
  "kv30l_327.bmp"
  "kv30l_328.bmp"
  "kv30l_329.bmp"
  "kv30l_330.bmp"
  "kv30l_331.bmp"
  "kv30l_332.bmp"
  "kv30l_333.bmp"
  "kv30l_334.bmp"
  "kv30l_335.bmp"
  "kv30l_336.bmp"
  "kv30l_337.bmp"
  "kv30l_338.bmp"
  "kv30l_339.bmp"
  "kv30l_340.bmp"
  "kv30l_341.bmp"
  "kv30l_342.bmp"
  "kv30l_343.bmp"
  "kv30l_344.bmp"
  "kv30l_345.bmp"
  "kv30l_346.bmp"
  "kv30l_347.bmp"
  "kv30l_348.bmp"
  "kv30l_349.bmp"
  "kv30l_350.bmp"
  "kv30l_351.bmp"
  "kv30l_352.bmp"
  "kv30l_353.bmp"
  "kv30l_354.bmp"
  "kv30l_355.bmp"
  "kv30l_356.bmp"
  "kv30l_357.bmp"
  "kv30l_358.bmp"
  "kv30l_359.bmp"
  "kv30l_360.bmp"
  "kv30l_361.bmp"
  "kv30l_362.bmp"
  "kv30l_363.bmp"
  "kv30l_364.bmp"
  "kv30l_365.bmp"
  "kv30l_366.bmp"
  "kv30l_367.bmp"
  "kv30l_368.bmp"
  "kv30l_369.bmp"
  "kv30l_370.bmp"
  "kv30l_371.bmp"
  "kv30l_372.bmp"
  "kv30l_373.bmp"
  "kv30l_374.bmp"
  "kv30l_375.bmp"
  "kv30l_376.bmp"
  "kv30l_377.bmp"
  "kv30l_378.bmp"
  "kv30l_379.bmp"
  "kv30l_380.bmp"
  "kv30l_381.bmp"
  "kv30l_382.bmp"
  "kv30l_383.bmp"
  "kv30l_384.bmp"
  "kv30l_385.bmp"
  "kv30l_386.bmp"
  "kv30l_387.bmp"
  "kv30l_388.bmp"
  "kv30l_389.bmp"
  "kv30l_390.bmp"
  "kv30l_391.bmp"
  "kv30l_392.bmp"
  "kv30l_393.bmp"
  "kv30l_394.bmp"
  "kv30l_395.bmp"
  "kv30l_396.bmp"
  "kv30l_397.bmp"
  "kv30l_398.bmp"
  "kv30l_399.bmp"
  "kv30l_400.bmp"
  "kv30l_401.bmp"
  "kv30l_402.bmp"
  "kv30l_403.bmp"
  "kv30l_404.bmp"
  "kv30l_405.bmp"
  "kv30l_406.bmp"
  "kv30l_407.bmp"
  "kv30l_408.bmp"
  "kv30l_409.bmp"
  "kv30l_410.bmp"
  "kv30l_411.bmp"
  "kv30l_412.bmp"
  "kv30l_413.bmp"
  "kv30l_414.bmp"
  "kv30l_415.bmp"
  "kv30l_416.bmp"
  "kv30l_417.bmp"
  "kv30l_418.bmp"
  "kv30l_419.bmp"
  "kv30l_420.bmp"
  "kv30l_421.bmp"
  "kv30l_422.bmp"
  "kv30l_423.bmp"
  "kv30l_424.bmp"
  "kv30l_425.bmp"
  "kv30l_426.bmp"
  "kv30l_427.bmp"
  "kv30l_428.bmp"
  "kv30l_429.bmp"
  "kv30l_430.bmp"
  "kv30l_431.bmp"
  "kv30l_432.bmp"
  "kv30l_433.bmp"
  "kv30l_434.bmp"
  "kv30l_435.bmp"
  "kv30l_436.bmp"
  "kv30l_437.bmp"
  "kv30l_438.bmp"
  "kv30l_439.bmp"
  "kv30l_440.bmp"
  "kv30l_441.bmp"
  "kv30l_442.bmp"
  "kv30l_443.bmp"
  "kv30l_444.bmp"
  "kv30l_445.bmp"
  "kv30l_446.bmp"
