<?xml version="1.0"?>
<opencv_storage>
<imagelist>
  "kv30r_0.bmp"
  "kv30r_1.bmp"
  "kv30r_2.bmp"
  "kv30r_3.bmp"
  "kv30r_4.bmp"
  "kv30r_5.bmp"
  "kv30r_6.bmp"
  "kv30r_7.bmp"
  "kv30r_8.bmp"
  "kv30r_9.bmp"
  "kv30r_10.bmp"
  "kv30r_11.bmp"
  "kv30r_12.bmp"
  "kv30r_13.bmp"
  "kv30r_14.bmp"
  "kv30r_15.bmp"
  "kv30r_16.bmp"
  "kv30r_17.bmp"
  "kv30r_18.bmp"
  "kv30r_19.bmp"
  "kv30r_20.bmp"
  "kv30r_21.bmp"
  "kv30r_22.bmp"
  "kv30r_23.bmp"
  "kv30r_24.bmp"
  "kv30r_25.bmp"
  "kv30r_26.bmp"
  "kv30r_27.bmp"
  "kv30r_28.bmp"
  "kv30r_29.bmp"
  "kv30r_30.bmp"
  "kv30r_31.bmp"
  "kv30r_32.bmp"
  "kv30r_33.bmp"
  "kv30r_34.bmp"
  "kv30r_35.bmp"
  "kv30r_36.bmp"
  "kv30r_37.bmp"
  "kv30r_38.bmp"
  "kv30r_39.bmp"
  "kv30r_40.bmp"
  "kv30r_41.bmp"
  "kv30r_42.bmp"
  "kv30r_43.bmp"
  "kv30r_44.bmp"
  "kv30r_45.bmp"
  "kv30r_46.bmp"
  "kv30r_47.bmp"
  "kv30r_48.bmp"
  "kv30r_49.bmp"
  "kv30r_50.bmp"
  "kv30r_51.bmp"
  "kv30r_52.bmp"
  "kv30r_53.bmp"
  "kv30r_54.bmp"
  "kv30r_55.bmp"
  "kv30r_56.bmp"
  "kv30r_57.bmp"
  "kv30r_58.bmp"
  "kv30r_59.bmp"
  "kv30r_60.bmp"
  "kv30r_61.bmp"
  "kv30r_62.bmp"
  "kv30r_63.bmp"
  "kv30r_64.bmp"
  "kv30r_65.bmp"
  "kv30r_66.bmp"
  "kv30r_67.bmp"
  "kv30r_68.bmp"
  "kv30r_69.bmp"
  "kv30r_70.bmp"
  "kv30r_71.bmp"
  "kv30r_72.bmp"
  "kv30r_73.bmp"
  "kv30r_74.bmp"
  "kv30r_75.bmp"
  "kv30r_76.bmp"
  "kv30r_77.bmp"
  "kv30r_78.bmp"
  "kv30r_79.bmp"
  "kv30r_80.bmp"
  "kv30r_81.bmp"
  "kv30r_82.bmp"
  "kv30r_83.bmp"
  "kv30r_84.bmp"
  "kv30r_85.bmp"
  "kv30r_86.bmp"
  "kv30r_87.bmp"
  "kv30r_88.bmp"
  "kv30r_89.bmp"
  "kv30r_90.bmp"
  "kv30r_91.bmp"
  "kv30r_92.bmp"
  "kv30r_93.bmp"
  "kv30r_94.bmp"
  "kv30r_95.bmp"
  "kv30r_96.bmp"
  "kv30r_97.bmp"
  "kv30r_98.bmp"
  "kv30r_99.bmp"
  "kv30r_100.bmp"
  "kv30r_101.bmp"
  "kv30r_102.bmp"
  "kv30r_103.bmp"
  "kv30r_104.bmp"
  "kv30r_105.bmp"
  "kv30r_106.bmp"
  "kv30r_107.bmp"
  "kv30r_108.bmp"
  "kv30r_109.bmp"
  "kv30r_110.bmp"
  "kv30r_111.bmp"
  "kv30r_112.bmp"
  "kv30r_113.bmp"
  "kv30r_114.bmp"
  "kv30r_115.bmp"
  "kv30r_116.bmp"
  "kv30r_117.bmp"
  "kv30r_118.bmp"
  "kv30r_119.bmp"
  "kv30r_120.bmp"
  "kv30r_121.bmp"
  "kv30r_122.bmp"
  "kv30r_123.bmp"
  "kv30r_124.bmp"
  "kv30r_125.bmp"
  "kv30r_126.bmp"
  "kv30r_127.bmp"
  "kv30r_128.bmp"
  "kv30r_129.bmp"
  "kv30r_130.bmp"
  "kv30r_131.bmp"
  "kv30r_132.bmp"
  "kv30r_133.bmp"
  "kv30r_134.bmp"
  "kv30r_135.bmp"
  "kv30r_136.bmp"
  "kv30r_137.bmp"
  "kv30r_138.bmp"
  "kv30r_139.bmp"
  "kv30r_140.bmp"
  "kv30r_141.bmp"
  "kv30r_142.bmp"
  "kv30r_143.bmp"
  "kv30r_144.bmp"
  "kv30r_145.bmp"
  "kv30r_146.bmp"
  "kv30r_147.bmp"
  "kv30r_148.bmp"
  "kv30r_149.bmp"
  "kv30r_150.bmp"
  "kv30r_151.bmp"
  "kv30r_152.bmp"
  "kv30r_153.bmp"
  "kv30r_154.bmp"
  "kv30r_155.bmp"
  "kv30r_156.bmp"
  "kv30r_157.bmp"
  "kv30r_158.bmp"
  "kv30r_159.bmp"
  "kv30r_160.bmp"
  "kv30r_161.bmp"
  "kv30r_162.bmp"
  "kv30r_163.bmp"
  "kv30r_164.bmp"
  "kv30r_165.bmp"
  "kv30r_166.bmp"
  "kv30r_167.bmp"
  "kv30r_168.bmp"
  "kv30r_169.bmp"
  "kv30r_170.bmp"
  "kv30r_171.bmp"
  "kv30r_172.bmp"
  "kv30r_173.bmp"
  "kv30r_174.bmp"
  "kv30r_175.bmp"
  "kv30r_176.bmp"
  "kv30r_177.bmp"
  "kv30r_178.bmp"
  "kv30r_179.bmp"
  "kv30r_180.bmp"
  "kv30r_181.bmp"
  "kv30r_182.bmp"
  "kv30r_183.bmp"
  "kv30r_184.bmp"
  "kv30r_185.bmp"
  "kv30r_186.bmp"
  "kv30r_187.bmp"
  "kv30r_188.bmp"
  "kv30r_189.bmp"
  "kv30r_190.bmp"
  "kv30r_191.bmp"
  "kv30r_192.bmp"
  "kv30r_193.bmp"
  "kv30r_194.bmp"
  "kv30r_195.bmp"
  "kv30r_196.bmp"
  "kv30r_197.bmp"
  "kv30r_198.bmp"
  "kv30r_199.bmp"
  "kv30r_200.bmp"
  "kv30r_201.bmp"
  "kv30r_202.bmp"
  "kv30r_203.bmp"
  "kv30r_204.bmp"
  "kv30r_205.bmp"
  "kv30r_206.bmp"
  "kv30r_207.bmp"
  "kv30r_208.bmp"
  "kv30r_209.bmp"
  "kv30r_210.bmp"
  "kv30r_211.bmp"
  "kv30r_212.bmp"
  "kv30r_213.bmp"
  "kv30r_214.bmp"
  "kv30r_215.bmp"
  "kv30r_216.bmp"
  "kv30r_217.bmp"
  "kv30r_218.bmp"
  "kv30r_219.bmp"
  "kv30r_220.bmp"
  "kv30r_221.bmp"
  "kv30r_222.bmp"
  "kv30r_223.bmp"
  "kv30r_224.bmp"
  "kv30r_225.bmp"
  "kv30r_226.bmp"
  "kv30r_227.bmp"
  "kv30r_228.bmp"
  "kv30r_229.bmp"
  "kv30r_230.bmp"
  "kv30r_231.bmp"
  "kv30r_232.bmp"
  "kv30r_233.bmp"
  "kv30r_234.bmp"
  "kv30r_235.bmp"
  "kv30r_236.bmp"
  "kv30r_237.bmp"
  "kv30r_238.bmp"
  "kv30r_239.bmp"
  "kv30r_240.bmp"
  "kv30r_241.bmp"
  "kv30r_242.bmp"
  "kv30r_243.bmp"
  "kv30r_244.bmp"
  "kv30r_245.bmp"
  "kv30r_246.bmp"
  "kv30r_247.bmp"
  "kv30r_248.bmp"
  "kv30r_249.bmp"
  "kv30r_250.bmp"
  "kv30r_251.bmp"
  "kv30r_252.bmp"
  "kv30r_253.bmp"
  "kv30r_254.bmp"
  "kv30r_255.bmp"
  "kv30r_256.bmp"
  "kv30r_257.bmp"
  "kv30r_258.bmp"
  "kv30r_259.bmp"
  "kv30r_260.bmp"
  "kv30r_261.bmp"
  "kv30r_262.bmp"
  "kv30r_263.bmp"
  "kv30r_264.bmp"
  "kv30r_265.bmp"
  "kv30r_266.bmp"
  "kv30r_267.bmp"
  "kv30r_268.bmp"
  "kv30r_269.bmp"
  "kv30r_270.bmp"
  "kv30r_271.bmp"
  "kv30r_272.bmp"
  "kv30r_273.bmp"
  "kv30r_274.bmp"
  "kv30r_275.bmp"
  "kv30r_276.bmp"
  "kv30r_277.bmp"
  "kv30r_278.bmp"
  "kv30r_279.bmp"
  "kv30r_280.bmp"
  "kv30r_281.bmp"
  "kv30r_282.bmp"
  "kv30r_283.bmp"
  "kv30r_284.bmp"
  "kv30r_285.bmp"
  "kv30r_286.bmp"
  "kv30r_287.bmp"
  "kv30r_288.bmp"
  "kv30r_289.bmp"
  "kv30r_290.bmp"
  "kv30r_291.bmp"
  "kv30r_292.bmp"
  "kv30r_293.bmp"
  "kv30r_294.bmp"
  "kv30r_295.bmp"
  "kv30r_296.bmp"
  "kv30r_297.bmp"
  "kv30r_298.bmp"
  "kv30r_299.bmp"
  "kv30r_300.bmp"
  "kv30r_301.bmp"
  "kv30r_302.bmp"
  "kv30r_303.bmp"
  "kv30r_304.bmp"
  "kv30r_305.bmp"
  "kv30r_306.bmp"
  "kv30r_307.bmp"
  "kv30r_308.bmp"
  "kv30r_309.bmp"
  "kv30r_310.bmp"
  "kv30r_311.bmp"
  "kv30r_312.bmp"
  "kv30r_313.bmp"
  "kv30r_314.bmp"
  "kv30r_315.bmp"
  "kv30r_316.bmp"
  "kv30r_317.bmp"
  "kv30r_318.bmp"
  "kv30r_319.bmp"
  "kv30r_320.bmp"
  "kv30r_321.bmp"
  "kv30r_322.bmp"
  "kv30r_323.bmp"
  "kv30r_324.bmp"
  "kv30r_325.bmp"
  "kv30r_326.bmp"
  "kv30r_327.bmp"
  "kv30r_328.bmp"
  "kv30r_329.bmp"
  "kv30r_330.bmp"
  "kv30r_331.bmp"
  "kv30r_332.bmp"
  "kv30r_333.bmp"
  "kv30r_334.bmp"
  "kv30r_335.bmp"
  "kv30r_336.bmp"
  "kv30r_337.bmp"
  "kv30r_338.bmp"
  "kv30r_339.bmp"
  "kv30r_340.bmp"
  "kv30r_341.bmp"
  "kv30r_342.bmp"
  "kv30r_343.bmp"
  "kv30r_344.bmp"
  "kv30r_345.bmp"
  "kv30r_346.bmp"
  "kv30r_347.bmp"
  "kv30r_348.bmp"
  "kv30r_349.bmp"
  "kv30r_350.bmp"
  "kv30r_351.bmp"
  "kv30r_352.bmp"
  "kv30r_353.bmp"
  "kv30r_354.bmp"
  "kv30r_355.bmp"
  "kv30r_356.bmp"
  "kv30r_357.bmp"
  "kv30r_358.bmp"
  "kv30r_359.bmp"
  "kv30r_360.bmp"
  "kv30r_361.bmp"
  "kv30r_362.bmp"
  "kv30r_363.bmp"
  "kv30r_364.bmp"
  "kv30r_365.bmp"
  "kv30r_366.bmp"
  "kv30r_367.bmp"
  "kv30r_368.bmp"
  "kv30r_369.bmp"
  "kv30r_370.bmp"
  "kv30r_371.bmp"
  "kv30r_372.bmp"
  "kv30r_373.bmp"
  "kv30r_374.bmp"
  "kv30r_375.bmp"
  "kv30r_376.bmp"
  "kv30r_377.bmp"
  "kv30r_378.bmp"
  "kv30r_379.bmp"
  "kv30r_380.bmp"
  "kv30r_381.bmp"
  "kv30r_382.bmp"
  "kv30r_383.bmp"
  "kv30r_384.bmp"
  "kv30r_385.bmp"
  "kv30r_386.bmp"
  "kv30r_387.bmp"
  "kv30r_388.bmp"
  "kv30r_389.bmp"
  "kv30r_390.bmp"
  "kv30r_391.bmp"
  "kv30r_392.bmp"
  "kv30r_393.bmp"
  "kv30r_394.bmp"
  "kv30r_395.bmp"
  "kv30r_396.bmp"
  "kv30r_397.bmp"
  "kv30r_398.bmp"
  "kv30r_399.bmp"
  "kv30r_400.bmp"
  "kv30r_401.bmp"
  "kv30r_402.bmp"
  "kv30r_403.bmp"
  "kv30r_404.bmp"
  "kv30r_405.bmp"
  "kv30r_406.bmp"
  "kv30r_407.bmp"
  "kv30r_408.bmp"
  "kv30r_409.bmp"
  "kv30r_410.bmp"
  "kv30r_411.bmp"
  "kv30r_412.bmp"
  "kv30r_413.bmp"
  "kv30r_414.bmp"
  "kv30r_415.bmp"
  "kv30r_416.bmp"
  "kv30r_417.bmp"
  "kv30r_418.bmp"
  "kv30r_419.bmp"
  "kv30r_420.bmp"
  "kv30r_421.bmp"
  "kv30r_422.bmp"
  "kv30r_423.bmp"
  "kv30r_424.bmp"
  "kv30r_425.bmp"
  "kv30r_426.bmp"
  "kv30r_427.bmp"
  "kv30r_428.bmp"
  "kv30r_429.bmp"
  "kv30r_430.bmp"
  "kv30r_431.bmp"
  "kv30r_432.bmp"
  "kv30r_433.bmp"
  "kv30r_434.bmp"
  "kv30r_435.bmp"
  "kv30r_436.bmp"
  "kv30r_437.bmp"
  "kv30r_438.bmp"
  "kv30r_439.bmp"
  "kv30r_440.bmp"
  "kv30r_441.bmp"
  "kv30r_442.bmp"
  "kv30r_443.bmp"
  "kv30r_444.bmp"
  "kv30r_445.bmp"
  "kv30r_446.bmp"
