%YAML:1.0
M1: !!opencv-matrix
   rows: 3
   cols: 3
   dt: d
   data: [ 1.5002016327065378e+003, 0., 4.1095747426050087e+002, 0.,
       1.5002016327065378e+003, 2.5215814557008324e+002, 0., 0., 1. ]
D1: !!opencv-matrix
   rows: 1
   cols: 8
   dt: d
   data: [ -3.0534364415362564e-001, 5.7551956333082703e+000, 0., 0., 0.,
       0., 0., 7.1720338271800813e+001 ]
M2: !!opencv-matrix
   rows: 3
   cols: 3
   dt: d
   data: [ 1.5002016327065378e+003, 0., 4.1135385662222035e+002, 0.,
       1.5002016327065378e+003, 2.5221904944705435e+002, 0., 0., 1. ]
D2: !!opencv-matrix
   rows: 1
   cols: 8
   dt: d
   data: [ -3.5533022271838954e-001, -1.1939432134949985e+000, 0., 0.,
       0., 0., 0., -4.9353389751395653e+001 ]
