<<<<<<< HEAD
%YAML:1.0
M1: !!opencv-matrix
   rows: 3
   cols: 3
   dt: d
   data: [ 1.6701408984812692e+003, 0., 6.7043874039243997e+002, 0.,
       1.6701408984812692e+003, 4.9216668578451635e+002, 0., 0., 1. ]
D1: !!opencv-matrix
   rows: 1
   cols: 8
   dt: d
   data: [ -3.4011698195562234e-001, -4.6673616145347385e-001, 0., 0.,
       0., 0., 0., -3.1564194750722914e+000 ]
M2: !!opencv-matrix
   rows: 3
   cols: 3
   dt: d
   data: [ 1.6701408984812692e+003, 0., 6.6797695929464999e+002, 0.,
       1.6701408984812692e+003, 4.9751998531347107e+002, 0., 0., 1. ]
D2: !!opencv-matrix
   rows: 1
   cols: 8
   dt: d
   data: [ -3.5834492007567237e-001, -1.3180958942781623e-001, 0., 0.,
       0., 0., 0., -1.0429325633074451e+000 ]
=======
%YAML:1.0
M1: !!opencv-matrix
   rows: 3
   cols: 3
   dt: d
   data: [ 1.6701408984812692e+003, 0., 6.7043874039243997e+002, 0.,
       1.6701408984812692e+003, 4.9216668578451635e+002, 0., 0., 1. ]
D1: !!opencv-matrix
   rows: 1
   cols: 8
   dt: d
   data: [ -3.4011698195562234e-001, -4.6673616145347385e-001, 0., 0.,
       0., 0., 0., -3.1564194750722914e+000 ]
M2: !!opencv-matrix
   rows: 3
   cols: 3
   dt: d
   data: [ 1.6701408984812692e+003, 0., 6.6797695929464999e+002, 0.,
       1.6701408984812692e+003, 4.9751998531347107e+002, 0., 0., 1. ]
D2: !!opencv-matrix
   rows: 1
   cols: 8
   dt: d
   data: [ -3.5834492007567237e-001, -1.3180958942781623e-001, 0., 0.,
       0., 0., 0., -1.0429325633074451e+000 ]
>>>>>>> a86ca9fe1334ccabce446898449615dfc9b00bc2
